[Location]
Longitudinal: 11.557766
Latitudinal: 48.140458
